0	0	0.03188775510204082	0.06760204081632652	0.06760204081632652	0.11224489795918367	0.04974489795918367	0.04081632653061224	0.19260204081632654	0.0586734693877551	0.08545918367346939	0.03188775510204082	0.04081632653061224	0.04081632653061224	0.1211734693877551	0.0586734693877551
1	1	0.06206088992974239	0.03747072599531616	0.09484777517564402	0.03747072599531616	0.0702576112412178	0.10304449648711944	0.03747072599531616	0.053864168618266976	0.03747072599531616	0.06206088992974239	0.12763466042154567	0.20960187353629978	0.02927400468384075	0.03747072599531616
2	2	0.10375099760574621	0.04229848363926576	0.04229848363926576	0.03112529928172386	0.05347166799680766	0.25458898643256184	0.09257781324820431	0.09816440542697527	0.02553870710295291	0.07023144453312051	0.08699122106943336	0.02553870710295291	0.02553870710295291	0.047885075818036714
3	3	0.03165584415584415	0.0487012987012987	0.0487012987012987	0.08847402597402597	0.025974025974025972	0.03165584415584415	0.22483766233766234	0.07142857142857142	0.060064935064935064	0.037337662337662336	0.04301948051948052	0.020292207792207792	0.21915584415584413	0.0487012987012987
4	4	0.11131725417439703	0.0463821892393321	0.08534322820037106	0.07235621521335807	0.07235621521335807	0.0463821892393321	0.11131725417439703	0.0463821892393321	0.07235621521335807	0.07235621521335807	0.09833024118738404	0.0463821892393321	0.05936920222634508	0.05936920222634508
5	5	0.08074534161490683	0.10973084886128363	0.051759834368530024	0.06625258799171842	0.08074534161490683	0.051759834368530024	0.051759834368530024	0.13871635610766045	0.08074534161490683	0.06625258799171842	0.06625258799171842	0.051759834368530024	0.051759834368530024	0.051759834368530024
6	6	0.0949050949050949	0.04595404595404595	0.23476523476523475	0.04595404595404595	0.03896103896103896	0.03196803196803197	0.052947052947052944	0.2067932067932068	0.04595404595404595	0.05994005994005994	0.03896103896103896	0.03196803196803197	0.03896103896103896	0.03196803196803197
7	7	0.0619047619047619	0.03968253968253969	0.073015873015873	0.03968253968253969	0.050793650793650794	0.03968253968253969	0.12857142857142856	0.08412698412698412	0.08412698412698412	0.08412698412698412	0.073015873015873	0.10634920634920635	0.0619047619047619	0.073015873015873
8	8	0.08781127129750983	0.09698558322411534	0.06028833551769331	0.05111402359108781	0.07863695937090433	0.1703800786369594	0.05111402359108781	0.05111402359108781	0.05111402359108781	0.06946264744429882	0.06946264744429882	0.04193971166448231	0.0327653997378768	0.08781127129750983
9	9	0.10686164229471316	0.0281214848143982	0.051743532058492685	0.10686164229471316	0.06749156355455568	0.0281214848143982	0.07536557930258718	0.05961754780652418	0.03599550056242969	0.0281214848143982	0.16985376827896514	0.12260967379077616	0.09111361079865017	0.0281214848143982
10	10	0.09766763848396501	0.03644314868804665	0.06705539358600583	0.06705539358600583	0.08746355685131195	0.03644314868804665	0.056851311953352766	0.06705539358600583	0.04664723032069971	0.04664723032069971	0.16909620991253646	0.08746355685131195	0.08746355685131195	0.04664723032069971
11	11	0.04206349206349206	0.15317460317460319	0.05317460317460317	0.04206349206349206	0.07539682539682539	0.0365079365079365	0.047619047619047616	0.06428571428571428	0.14206349206349206	0.06984126984126984	0.07539682539682539	0.047619047619047616	0.09206349206349207	0.05873015873015873
12	12	0.31195335276967934	0.03644314868804665	0.03644314868804665	0.11807580174927114	0.06705539358600583	0.03644314868804665	0.04664723032069971	0.03644314868804665	0.06705539358600583	0.04664723032069971	0.056851311953352766	0.04664723032069971	0.04664723032069971	0.04664723032069971
13	13	0.0365079365079365	0.15317460317460319	0.0365079365079365	0.06428571428571428	0.047619047619047616	0.025396825396825397	0.15873015873015875	0.019841269841269844	0.06428571428571428	0.1976190476190476	0.025396825396825397	0.0365079365079365	0.05873015873015873	0.07539682539682539
14	14	0.06057866184448463	0.054249547920433995	0.054249547920433995	0.09855334538878842	0.0352622061482821	0.3074141048824593	0.04792043399638336	0.04792043399638336	0.022603978300180832	0.06690777576853527	0.07323688969258589	0.04159132007233273	0.04792043399638336	0.04159132007233273
15	15	0.12781954887218044	0.08395989974937343	0.04887218045112782	0.07518796992481203	0.09273182957393483	0.08395989974937343	0.04887218045112782	0.06641604010025062	0.05764411027568922	0.04887218045112782	0.05764411027568922	0.09273182957393483	0.03132832080200501	0.08395989974937343
16	16	0.0576592082616179	0.03356282271944922	0.039586919104991396	0.039586919104991396	0.039586919104991396	0.039586919104991396	0.12392426850258176	0.027538726333907054	0.039586919104991396	0.08175559380378657	0.04561101549053356	0.02151462994836489	0.3046471600688468	0.10585197934595526
17	17	0.05714285714285714	0.0838095238095238	0.07047619047619047	0.030476190476190476	0.0638095238095238	0.037142857142857144	0.07047619047619047	0.07714285714285714	0.09047619047619047	0.0838095238095238	0.07047619047619047	0.043809523809523805	0.12380952380952381	0.09714285714285714
18	18	0.10424710424710425	0.032175032175032175	0.0592020592020592	0.0592020592020592	0.04118404118404118	0.13127413127413126	0.032175032175032175	0.10424710424710425	0.05019305019305019	0.08622908622908623	0.04118404118404118	0.16731016731016732	0.032175032175032175	0.0592020592020592
19	19	0.026578073089700994	0.1951827242524917	0.061461794019933555	0.04983388704318937	0.061461794019933555	0.026578073089700994	0.03820598006644518	0.07308970099667773	0.10797342192691031	0.03820598006644518	0.03820598006644518	0.13704318936877077	0.08471760797342193	0.061461794019933555
20	20	0.09611992945326278	0.05291005291005291	0.02821869488536155	0.04056437389770723	0.07760141093474426	0.06525573192239859	0.06525573192239859	0.13315696649029984	0.06525573192239859	0.17636684303350972	0.10229276895943563	0.022045855379188715	0.03439153439153439	0.04056437389770723
21	21	0.03028773346794548	0.012619888944977285	0.012619888944977285	0.05148914689550732	0.10802624936900555	0.0232205956587582	0.02675416456335184	0.15396264512872285	0.02675416456335184	0.062089853609288245	0.06915699141847552	0.019687026754164564	0.3447753659767794	0.0585562847046946
22	22	0.05507745266781411	0.04302925989672978	0.1153184165232358	0.04302925989672978	0.1153184165232358	0.05507745266781411	0.06712564543889844	0.05507745266781411	0.06712564543889844	0.12736660929432014	0.06712564543889844	0.04302925989672978	0.06712564543889844	0.07917383820998279
23	23	0.04798255179934569	0.028898582333696837	0.12431842966194111	0.021264994547437296	0.23500545256270447	0.017448200654307522	0.025081788440567066	0.03271537622682661	0.04416575790621592	0.04416575790621592	0.017448200654307522	0.0747001090512541	0.013631406761177755	0.27317339149400216
24	24	0.0638002773925104	0.04438280166435506	0.07350901525658807	0.11234396671289874	0.0638002773925104	0.17059639389736478	0.05409153952843273	0.0638002773925104	0.03467406380027739	0.04438280166435506	0.0638002773925104	0.08321775312066573	0.04438280166435506	0.08321775312066573
25	25	0.08403361344537814	0.04481792717086835	0.0938375350140056	0.10364145658263305	0.0546218487394958	0.14285714285714285	0.0350140056022409	0.10364145658263305	0.04481792717086835	0.04481792717086835	0.0742296918767507	0.0742296918767507	0.0350140056022409	0.06442577030812324
