0	0	0.056741573033707866	0.06797752808988763	0.1353932584269663	0.2252808988764045	0.023033707865168538	5.617977528089888E-4	0.40505617977528086	0.045505617977528084	5.617977528089888E-4	0.03426966292134831	5.617977528089888E-4	5.617977528089888E-4	5.617977528089888E-4	5.617977528089888E-4	5.617977528089888E-4	5.617977528089888E-4	5.617977528089888E-4	5.617977528089888E-4	5.617977528089888E-4	5.617977528089888E-4
1	1	0.2331896551724138	0.09525862068965518	4.3103448275862074E-4	0.18146551724137933	0.08663793103448277	0.043534482758620686	4.3103448275862074E-4	0.017672413793103445	4.3103448275862074E-4	4.3103448275862074E-4	4.3103448275862074E-4	4.3103448275862074E-4	4.3103448275862074E-4	4.3103448275862074E-4	0.18146551724137933	4.3103448275862074E-4	4.3103448275862074E-4	0.1556034482758621	4.3103448275862074E-4	4.3103448275862074E-4
2	2	0.04581749049429658	0.1332699619771863	0.026806083650190115	0.20931558935361216	0.3309885931558935	1.9011406844106465E-4	0.1750950570342205	0.00779467680608365	0.0344106463878327	1.9011406844106465E-4	1.9011406844106465E-4	1.9011406844106465E-4	1.9011406844106465E-4	1.9011406844106465E-4	0.019201520912547527	1.9011406844106465E-4	1.9011406844106465E-4	0.0039923954372623575	0.011596958174904942	1.9011406844106465E-4
3	3	3.4013605442176874E-4	3.4013605442176874E-4	0.04115646258503401	0.8642857142857142	3.4013605442176874E-4	0.03435374149659864	3.4013605442176874E-4	0.013945578231292517	3.4013605442176874E-4	3.4013605442176874E-4	3.4013605442176874E-4	3.4013605442176874E-4	3.4013605442176874E-4	0.04115646258503401	3.4013605442176874E-4	3.4013605442176874E-4	3.4013605442176874E-4	3.4013605442176874E-4	3.4013605442176874E-4	3.4013605442176874E-4
4	4	0.0019230769230769232	0.0019230769230769232	0.0019230769230769232	0.7711538461538462	0.0019230769230769232	0.0019230769230769232	0.04038461538461539	0.0019230769230769232	0.0019230769230769232	0.0019230769230769232	0.0019230769230769232	0.0019230769230769232	0.0019230769230769232	0.0019230769230769232	0.15576923076923077	0.0019230769230769232	0.0019230769230769232	0.0019230769230769232	0.0019230769230769232	0.0019230769230769232
5	5	8.064516129032258E-4	8.064516129032258E-4	8.064516129032258E-4	0.8233870967741935	8.064516129032258E-4	8.064516129032258E-4	8.064516129032258E-4	0.016935483870967744	8.064516129032258E-4	0.0814516129032258	8.064516129032258E-4	8.064516129032258E-4	8.064516129032258E-4	8.064516129032258E-4	8.064516129032258E-4	0.06532258064516129	8.064516129032258E-4	8.064516129032258E-4	8.064516129032258E-4	8.064516129032258E-4
6	6	0.20511363636363636	0.023295454545454543	5.681818181818183E-4	0.3073863636363636	0.14829545454545456	5.681818181818183E-4	5.681818181818183E-4	0.12556818181818183	5.681818181818183E-4	5.681818181818183E-4	5.681818181818183E-4	5.681818181818183E-4	5.681818181818183E-4	5.681818181818183E-4	5.681818181818183E-4	5.681818181818183E-4	5.681818181818183E-4	0.18238636363636365	5.681818181818183E-4	5.681818181818183E-4
7	7	0.0012195121951219512	0.0012195121951219512	0.1719512195121951	0.19634146341463415	0.0012195121951219512	0.0012195121951219512	0.0012195121951219512	0.0012195121951219512	0.0012195121951219512	0.0012195121951219512	0.0012195121951219512	0.0012195121951219512	0.0012195121951219512	0.5378048780487805	0.0012195121951219512	0.0012195121951219512	0.07439024390243902	0.0012195121951219512	0.0012195121951219512	0.0012195121951219512
8	8	5.813953488372093E-4	0.035465116279069765	5.813953488372093E-4	0.15174418604651163	0.6052325581395348	5.813953488372093E-4	5.813953488372093E-4	0.05872093023255814	5.813953488372093E-4	0.012209302325581395	5.813953488372093E-4	5.813953488372093E-4	5.813953488372093E-4	0.10523255813953489	5.813953488372093E-4	5.813953488372093E-4	5.813953488372093E-4	0.02383720930232558	5.813953488372093E-4	5.813953488372093E-4
9	9	0.03578680203045685	2.538071065989848E-4	0.030710659898477155	0.23375634517766497	0.46218274111675123	2.538071065989848E-4	2.538071065989848E-4	0.020558375634517765	2.538071065989848E-4	2.538071065989848E-4	2.538071065989848E-4	2.538071065989848E-4	2.538071065989848E-4	2.538071065989848E-4	2.538071065989848E-4	2.538071065989848E-4	2.538071065989848E-4	0.21345177664974618	2.538071065989848E-4	2.538071065989848E-4
10	10	0.025492957746478875	0.06492957746478874	0.09309859154929577	0.186056338028169	0.1916901408450704	1.4084507042253522E-4	0.21140845070422534	1.4084507042253522E-4	1.4084507042253522E-4	1.4084507042253522E-4	0.07338028169014085	0.031126760563380283	1.4084507042253522E-4	1.4084507042253522E-4	0.08183098591549295	1.4084507042253522E-4	1.4084507042253522E-4	0.03676056338028169	0.0029577464788732395	1.4084507042253522E-4
11	11	0.0013513513513513514	0.0013513513513513514	0.0013513513513513514	0.48783783783783785	0.0013513513513513514	0.0013513513513513514	0.0013513513513513514	0.3527027027027027	0.0013513513513513514	0.0013513513513513514	0.0013513513513513514	0.0013513513513513514	0.0013513513513513514	0.0013513513513513514	0.0013513513513513514	0.0013513513513513514	0.10945945945945945	0.02837837837837838	0.0013513513513513514	0.0013513513513513514
12	12	8.620689655172415E-4	0.01810344827586207	0.38017241379310346	8.620689655172415E-4	0.01810344827586207	8.620689655172415E-4	0.10431034482758621	8.620689655172415E-4	8.620689655172415E-4	8.620689655172415E-4	0.25948275862068965	8.620689655172415E-4	8.620689655172415E-4	8.620689655172415E-4	0.17327586206896553	0.03534482758620689	8.620689655172415E-4	8.620689655172415E-4	8.620689655172415E-4	8.620689655172415E-4
13	13	3.90625E-4	0.226953125	0.172265625	0.109765625	3.90625E-4	3.90625E-4	0.070703125	3.90625E-4	3.90625E-4	0.141015625	0.031640625	0.008203125	3.90625E-4	3.90625E-4	0.226953125	3.90625E-4	3.90625E-4	3.90625E-4	3.90625E-4	0.008203125
14	14	5.747126436781609E-4	5.747126436781609E-4	0.09252873563218392	0.03505747126436781	0.023563218390804597	5.747126436781609E-4	0.21896551724137933	0.04655172413793103	5.747126436781609E-4	5.747126436781609E-4	0.2074712643678161	5.747126436781609E-4	5.747126436781609E-4	5.747126436781609E-4	0.3683908045977011	5.747126436781609E-4	5.747126436781609E-4	5.747126436781609E-4	5.747126436781609E-4	5.747126436781609E-4
15	15	0.07426470588235294	7.352941176470588E-4	0.2801470588235294	7.352941176470588E-4	0.04485294117647059	7.352941176470588E-4	0.08897058823529412	7.352941176470588E-4	7.352941176470588E-4	7.352941176470588E-4	0.08897058823529412	7.352941176470588E-4	7.352941176470588E-4	7.352941176470588E-4	0.3830882352941177	7.352941176470588E-4	7.352941176470588E-4	7.352941176470588E-4	0.03014705882352941	7.352941176470588E-4
16	16	0.002	0.002	0.242	0.562	0.002	0.002	0.002	0.002	0.002	0.002	0.002	0.002	0.002	0.002	0.162	0.002	0.002	0.002	0.002	0.002
17	17	0.05654205607476635	0.34626168224299064	4.6728971962616824E-4	4.6728971962616824E-4	0.02850467289719626	4.6728971962616824E-4	0.02850467289719626	0.07523364485981308	4.6728971962616824E-4	4.6728971962616824E-4	0.06588785046728972	4.6728971962616824E-4	0.019158878504672894	0.08457943925233645	0.29018691588785045	4.6728971962616824E-4	4.6728971962616824E-4	4.6728971962616824E-4	4.6728971962616824E-4	4.6728971962616824E-4
18	18	2.824858757062147E-4	0.06242937853107345	0.1867231638418079	2.824858757062147E-4	2.824858757062147E-4	2.824858757062147E-4	0.20367231638418076	2.824858757062147E-4	2.824858757062147E-4	0.028531073446327684	0.12457627118644068	0.0115819209039548	2.824858757062147E-4	2.824858757062147E-4	0.37316384180790957	2.824858757062147E-4	2.824858757062147E-4	2.824858757062147E-4	0.005932203389830509	2.824858757062147E-4
19	19	0.0020833333333333333	0.043750000000000004	0.0020833333333333333	0.0020833333333333333	0.0020833333333333333	0.0020833333333333333	0.0020833333333333333	0.41875	0.0020833333333333333	0.0020833333333333333	0.0020833333333333333	0.0020833333333333333	0.0020833333333333333	0.0020833333333333333	0.5020833333333333	0.0020833333333333333	0.0020833333333333333	0.0020833333333333333	0.0020833333333333333	0.0020833333333333333
20	20	0.0010869565217391304	0.0010869565217391304	0.0010869565217391304	0.0010869565217391304	0.0010869565217391304	0.0010869565217391304	0.0010869565217391304	0.675	0.0010869565217391304	0.0010869565217391304	0.0010869565217391304	0.0010869565217391304	0.0010869565217391304	0.0010869565217391304	0.30543478260869567	0.0010869565217391304	0.0010869565217391304	0.0010869565217391304	0.0010869565217391304	0.0010869565217391304
21	21	0.002173913043478261	0.002173913043478261	0.002173913043478261	0.002173913043478261	0.002173913043478261	0.002173913043478261	0.1760869565217391	0.3065217391304348	0.002173913043478261	0.04565217391304348	0.002173913043478261	0.002173913043478261	0.002173913043478261	0.002173913043478261	0.43695652173913047	0.002173913043478261	0.002173913043478261	0.002173913043478261	0.002173913043478261	0.002173913043478261
22	22	3.7593984962406017E-4	3.7593984962406017E-4	0.0755639097744361	3.7593984962406017E-4	3.7593984962406017E-4	3.7593984962406017E-4	3.7593984962406017E-4	0.48157894736842105	3.7593984962406017E-4	0.06052631578947369	0.13571428571428573	3.7593984962406017E-4	3.7593984962406017E-4	3.7593984962406017E-4	0.20338345864661656	0.02293233082706767	3.7593984962406017E-4	0.015413533834586464	3.7593984962406017E-4	3.7593984962406017E-4
23	23	0.004166666666666667	0.004166666666666667	0.1708333333333333	0.08750000000000001	0.004166666666666667	0.004166666666666667	0.004166666666666667	0.004166666666666667	0.004166666666666667	0.004166666666666667	0.25416666666666665	0.004166666666666667	0.004166666666666667	0.004166666666666667	0.1708333333333333	0.25416666666666665	0.004166666666666667	0.004166666666666667	0.004166666666666667	0.004166666666666667
24	24	0.5817829457364341	0.046899224806201546	3.875968992248062E-4	3.875968992248062E-4	3.875968992248062E-4	3.875968992248062E-4	3.875968992248062E-4	0.12441860465116279	3.875968992248062E-4	3.875968992248062E-4	3.875968992248062E-4	3.875968992248062E-4	0.046899224806201546	3.875968992248062E-4	0.0934108527131783	3.875968992248062E-4	3.875968992248062E-4	0.00813953488372093	0.07790697674418605	0.015891472868217054
25	25	0.2175	8.333333333333334E-4	0.034166666666666665	8.333333333333334E-4	0.3675	8.333333333333334E-4	8.333333333333334E-4	0.18416666666666667	8.333333333333334E-4	8.333333333333334E-4	0.15083333333333335	8.333333333333334E-4	8.333333333333334E-4	8.333333333333334E-4	8.333333333333334E-4	8.333333333333334E-4	8.333333333333334E-4	0.034166666666666665	8.333333333333334E-4	8.333333333333334E-4
26	26	2.808988764044944E-4	2.808988764044944E-4	0.028370786516853933	0.056460674157303374	0.0957865168539326	2.808988764044944E-4	0.017134831460674155	2.808988764044944E-4	0.07893258426966293	2.808988764044944E-4	0.5845505617977528	2.808988764044944E-4	2.808988764044944E-4	2.808988764044944E-4	2.808988764044944E-4	0.11264044943820226	0.017134831460674155	0.005898876404494382	2.808988764044944E-4	2.808988764044944E-4
27	27	0.3946428571428572	0.0017857142857142859	0.0017857142857142859	0.0017857142857142859	0.10892857142857142	0.0017857142857142859	0.0017857142857142859	0.10892857142857142	0.14464285714285713	0.0017857142857142859	0.0017857142857142859	0.0017857142857142859	0.0732142857142857	0.0017857142857142859	0.0017857142857142859	0.0017857142857142859	0.0017857142857142859	0.0017857142857142859	0.0017857142857142859	0.14464285714285713
28	28	0.2251479289940828	2.958579881656805E-4	2.958579881656805E-4	2.958579881656805E-4	2.958579881656805E-4	2.958579881656805E-4	2.958579881656805E-4	2.958579881656805E-4	2.958579881656805E-4	2.958579881656805E-4	0.059467455621301776	2.958579881656805E-4	0.10088757396449705	2.958579881656805E-4	0.31390532544378696	0.04763313609467456	2.958579881656805E-4	0.24881656804733726	2.958579881656805E-4	2.958579881656805E-4
29	29	0.04108187134502924	1.4619883040935673E-4	1.4619883040935673E-4	1.4619883040935673E-4	0.011842105263157893	1.4619883040935673E-4	1.4619883040935673E-4	1.4619883040935673E-4	1.4619883040935673E-4	0.06739766081871346	0.5206140350877193	0.005994152046783626	1.4619883040935673E-4	0.005994152046783626	0.08494152046783626	1.4619883040935673E-4	1.4619883040935673E-4	0.25453216374269005	1.4619883040935673E-4	0.005994152046783626
30	30	0.0011904761904761906	0.0011904761904761906	0.0011904761904761906	0.0011904761904761906	0.0011904761904761906	0.0011904761904761906	0.025	0.2630952380952381	0.3107142857142857	0.0011904761904761906	0.09642857142857142	0.0011904761904761906	0.0011904761904761906	0.0011904761904761906	0.0011904761904761906	0.0011904761904761906	0.025	0.2630952380952381	0.0011904761904761906	0.0011904761904761906
31	31	0.2614864864864865	0.04977477477477478	0.05427927927927928	2.2522522522522523E-4	0.036261261261261266	2.2522522522522523E-4	0.009234234234234234	0.022747747747747748	0.09481981981981982	0.01824324324324324	0.05878378378378379	2.2522522522522523E-4	2.2522522522522523E-4	0.05427927927927928	0.2795045045045045	2.2522522522522523E-4	0.009234234234234234	0.04977477477477478	2.2522522522522523E-4	2.2522522522522523E-4
32	32	0.04902912621359223	0.010194174757281554	4.8543689320388353E-4	4.8543689320388353E-4	0.5247572815533981	4.8543689320388353E-4	4.8543689320388353E-4	0.04902912621359223	4.8543689320388353E-4	0.029611650485436892	4.8543689320388353E-4	4.8543689320388353E-4	0.07815533980582524	4.8543689320388353E-4	4.8543689320388353E-4	4.8543689320388353E-4	4.8543689320388353E-4	0.2529126213592233	4.8543689320388353E-4	4.8543689320388353E-4
33	33	5.263157894736842E-4	5.263157894736842E-4	0.24263157894736842	5.263157894736842E-4	0.06368421052631579	5.263157894736842E-4	0.22157894736842107	5.263157894736842E-4	5.263157894736842E-4	0.053157894736842105	0.13736842105263158	5.263157894736842E-4	5.263157894736842E-4	5.263157894736842E-4	0.27421052631578946	5.263157894736842E-4	5.263157894736842E-4	5.263157894736842E-4	5.263157894736842E-4	5.263157894736842E-4
34	34	3.333333333333334E-4	3.333333333333334E-4	0.2803333333333333	0.007	3.333333333333334E-4	3.333333333333334E-4	0.23366666666666666	0.013666666666666666	3.333333333333334E-4	0.04033333333333333	3.333333333333334E-4	0.027	3.333333333333334E-4	0.007	0.33366666666666667	0.02033333333333333	3.333333333333334E-4	0.007	0.027	3.333333333333334E-4
35	35	6.578947368421052E-4	6.578947368421052E-4	0.38223684210526315	6.578947368421052E-4	6.578947368421052E-4	6.578947368421052E-4	6.578947368421052E-4	6.578947368421052E-4	6.578947368421052E-4	0.026973684210526313	0.07960526315789473	6.578947368421052E-4	6.578947368421052E-4	6.578947368421052E-4	0.47434210526315784	6.578947368421052E-4	0.026973684210526313	6.578947368421052E-4	6.578947368421052E-4	6.578947368421052E-4
36	36	5.747126436781609E-4	5.747126436781609E-4	0.23045977011494254	5.747126436781609E-4	0.06954022988505747	5.747126436781609E-4	0.01206896551724138	5.747126436781609E-4	0.03505747126436781	5.747126436781609E-4	0.31091954022988505	5.747126436781609E-4	5.747126436781609E-4	5.747126436781609E-4	0.28793103448275864	5.747126436781609E-4	0.04655172413793103	5.747126436781609E-4	5.747126436781609E-4	5.747126436781609E-4
37	37	9.25925925925926E-4	9.25925925925926E-4	0.13055555555555556	9.25925925925926E-4	0.075	9.25925925925926E-4	0.1675925925925926	9.25925925925926E-4	9.25925925925926E-4	9.25925925925926E-4	0.075	9.25925925925926E-4	9.25925925925926E-4	0.019444444444444445	0.5009259259259259	9.25925925925926E-4	0.019444444444444445	9.25925925925926E-4	9.25925925925926E-4	9.25925925925926E-4
38	38	7.575757575757576E-4	7.575757575757576E-4	0.28863636363636364	7.575757575757576E-4	0.04621212121212121	7.575757575757576E-4	7.575757575757576E-4	7.575757575757576E-4	7.575757575757576E-4	7.575757575757576E-4	7.575757575757576E-4	7.575757575757576E-4	7.575757575757576E-4	7.575757575757576E-4	0.6068181818181818	0.01590909090909091	7.575757575757576E-4	0.03106060606060606	7.575757575757576E-4	7.575757575757576E-4
39	39	3.546099290780142E-4	0.021631205673758865	0.4046099290780142	3.546099290780142E-4	3.546099290780142E-4	3.546099290780142E-4	3.546099290780142E-4	0.05709219858156029	3.546099290780142E-4	3.546099290780142E-4	3.546099290780142E-4	3.546099290780142E-4	3.546099290780142E-4	3.546099290780142E-4	0.5109929078014184	3.546099290780142E-4	3.546099290780142E-4	3.546099290780142E-4	3.546099290780142E-4	3.546099290780142E-4
40	40	3.4965034965034965E-4	0.03531468531468531	0.4339160839160839	0.02832167832167832	3.4965034965034965E-4	3.4965034965034965E-4	0.007342657342657343	3.4965034965034965E-4	3.4965034965034965E-4	3.4965034965034965E-4	3.4965034965034965E-4	3.4965034965034965E-4	3.4965034965034965E-4	3.4965034965034965E-4	0.48286713286713284	3.4965034965034965E-4	3.4965034965034965E-4	3.4965034965034965E-4	0.007342657342657343	3.4965034965034965E-4
41	41	5.681818181818183E-4	5.681818181818183E-4	0.04602272727272727	5.681818181818183E-4	0.04602272727272727	5.681818181818183E-4	5.681818181818183E-4	0.6369318181818181	5.681818181818183E-4	5.681818181818183E-4	5.681818181818183E-4	0.011931818181818182	5.681818181818183E-4	0.04602272727272727	0.20511363636363636	5.681818181818183E-4	5.681818181818183E-4	5.681818181818183E-4	5.681818181818183E-4	5.681818181818183E-4
42	42	3.5971223021582735E-4	3.5971223021582735E-4	3.5971223021582735E-4	3.5971223021582735E-4	0.10827338129496403	3.5971223021582735E-4	0.021942446043165465	0.25215827338129493	3.5971223021582735E-4	3.5971223021582735E-4	0.021942446043165465	3.5971223021582735E-4	3.5971223021582735E-4	0.10107913669064748	0.410431654676259	3.5971223021582735E-4	3.5971223021582735E-4	0.021942446043165465	0.05791366906474821	3.5971223021582735E-4
43	43	0.10029411764705883	0.0061764705882352946	2.9411764705882356E-4	2.9411764705882356E-4	0.24735294117647058	0.012058823529411764	2.9411764705882356E-4	0.12382352941176471	2.9411764705882356E-4	2.9411764705882356E-4	2.9411764705882356E-4	2.9411764705882356E-4	2.9411764705882356E-4	2.9411764705882356E-4	0.30617647058823527	2.9411764705882356E-4	2.9411764705882356E-4	0.20029411764705882	2.9411764705882356E-4	2.9411764705882356E-4
44	44	3.1645569620253165E-4	3.1645569620253165E-4	3.1645569620253165E-4	0.057278481012658235	0.10158227848101266	0.012974683544303795	3.1645569620253165E-4	0.08259493670886077	3.1645569620253165E-4	3.1645569620253165E-4	0.012974683544303795	3.1645569620253165E-4	3.1645569620253165E-4	3.1645569620253165E-4	0.49398734177215187	3.1645569620253165E-4	0.08259493670886077	0.15221518987341773	3.1645569620253165E-4	3.1645569620253165E-4
45	45	4.807692307692308E-4	4.807692307692308E-4	0.2216346153846154	4.807692307692308E-4	4.807692307692308E-4	4.807692307692308E-4	0.04855769230769231	4.807692307692308E-4	4.807692307692308E-4	4.807692307692308E-4	4.807692307692308E-4	0.03894230769230769	4.807692307692308E-4	4.807692307692308E-4	0.60625	0.03894230769230769	0.03894230769230769	4.807692307692308E-4	4.807692307692308E-4	4.807692307692308E-4
46	46	0.0016666666666666668	0.0016666666666666668	0.40166666666666667	0.0016666666666666668	0.0016666666666666668	0.0016666666666666668	0.0016666666666666668	0.0016666666666666668	0.0016666666666666668	0.0016666666666666668	0.035	0.0016666666666666668	0.0016666666666666668	0.0016666666666666668	0.5016666666666667	0.035	0.0016666666666666668	0.0016666666666666668	0.0016666666666666668	0.0016666666666666668
47	47	0.0010416666666666667	0.0010416666666666667	0.1885416666666667	0.12604166666666666	0.5010416666666667	0.0010416666666666667	0.10520833333333333	0.0010416666666666667	0.04270833333333333	0.0010416666666666667	0.021875000000000002	0.0010416666666666667	0.0010416666666666667	0.0010416666666666667	0.0010416666666666667	0.0010416666666666667	0.0010416666666666667	0.0010416666666666667	0.0010416666666666667	0.0010416666666666667
48	48	1.4534883720930232E-4	0.10770348837209301	0.30537790697674416	0.12223837209302325	0.2123546511627907	1.4534883720930232E-4	0.10479651162790697	1.4534883720930232E-4	0.023401162790697677	0.01758720930232558	1.4534883720930232E-4	0.003052325581395349	1.4534883720930232E-4	0.005959302325581395	1.4534883720930232E-4	1.4534883720930232E-4	1.4534883720930232E-4	0.09607558139534883	1.4534883720930232E-4	1.4534883720930232E-4
49	49	2.2522522522522523E-4	0.01824324324324324	0.4686936936936937	0.01824324324324324	0.15337837837837837	2.2522522522522523E-4	0.13536036036036037	0.013738738738738737	0.04977477477477478	2.2522522522522523E-4	0.02725225225225225	2.2522522522522523E-4	0.009234234234234234	2.2522522522522523E-4	2.2522522522522523E-4	2.2522522522522523E-4	2.2522522522522523E-4	0.09031531531531532	0.013738738738738737	2.2522522522522523E-4
50	50	1.9083969465648855E-4	0.015458015267175572	0.05362595419847328	0.6833969465648856	1.9083969465648855E-4	1.9083969465648855E-4	1.9083969465648855E-4	0.05744274809160305	1.9083969465648855E-4	1.9083969465648855E-4	1.9083969465648855E-4	1.9083969465648855E-4	1.9083969465648855E-4	0.04217557251908397	1.9083969465648855E-4	0.00400763358778626	1.9083969465648855E-4	0.13377862595419845	1.9083969465648855E-4	0.00782442748091603
51	51	0.03797169811320755	2.358490566037736E-4	2.358490566037736E-4	0.08985849056603774	0.047405660377358494	2.358490566037736E-4	2.358490566037736E-4	0.08985849056603774	0.3115566037735849	0.052122641509433965	2.358490566037736E-4	2.358490566037736E-4	0.009669811320754717	2.358490566037736E-4	2.358490566037736E-4	2.358490566037736E-4	2.358490566037736E-4	0.33514150943396226	0.02382075471698113	2.358490566037736E-4
52	52	3.3112582781456954E-4	3.3112582781456954E-4	3.3112582781456954E-4	0.15927152317880794	0.13940397350993378	0.01357615894039735	3.3112582781456954E-4	3.3112582781456954E-4	3.3112582781456954E-4	3.3112582781456954E-4	3.3112582781456954E-4	3.3112582781456954E-4	3.3112582781456954E-4	0.040066225165562915	0.006953642384105961	3.3112582781456954E-4	3.3112582781456954E-4	0.583112582781457	3.3112582781456954E-4	0.0533112582781457
53	53	7.575757575757576E-4	7.575757575757576E-4	7.575757575757576E-4	0.19772727272727275	0.7431818181818182	7.575757575757576E-4	7.575757575757576E-4	7.575757575757576E-4	7.575757575757576E-4	7.575757575757576E-4	7.575757575757576E-4	7.575757575757576E-4	0.01590909090909091	7.575757575757576E-4	7.575757575757576E-4	7.575757575757576E-4	7.575757575757576E-4	0.03106060606060606	7.575757575757576E-4	7.575757575757576E-4
54	54	3.5714285714285714E-4	3.5714285714285714E-4	0.09321428571428572	3.5714285714285714E-4	0.3432142857142857	3.5714285714285714E-4	3.5714285714285714E-4	3.5714285714285714E-4	0.20035714285714287	3.5714285714285714E-4	3.5714285714285714E-4	3.5714285714285714E-4	3.5714285714285714E-4	3.5714285714285714E-4	3.5714285714285714E-4	3.5714285714285714E-4	3.5714285714285714E-4	0.3575	3.5714285714285714E-4	3.5714285714285714E-4
55	55	3.546099290780142E-4	3.546099290780142E-4	0.021631205673758865	0.16347517730496455	0.4471631205673759	3.546099290780142E-4	3.546099290780142E-4	3.546099290780142E-4	0.02872340425531915	3.546099290780142E-4	3.546099290780142E-4	0.007446808510638298	3.546099290780142E-4	3.546099290780142E-4	3.546099290780142E-4	3.546099290780142E-4	3.546099290780142E-4	0.32659574468085106	3.546099290780142E-4	3.546099290780142E-4
56	56	1.5527950310559007E-4	0.06226708074534162	0.20822981366459625	0.012577639751552794	0.16785714285714284	0.03431677018633541	0.08090062111801243	0.0032608695652173916	0.05605590062111802	0.14301242236024844	1.5527950310559007E-4	1.5527950310559007E-4	0.015683229813664597	1.5527950310559007E-4	0.03431677018633541	0.028105590062111805	1.5527950310559007E-4	0.14922360248447203	1.5527950310559007E-4	0.0032608695652173916
57	57	8.474576271186442E-4	0.08559322033898305	0.238135593220339	8.474576271186442E-4	0.3398305084745763	8.474576271186442E-4	0.11949152542372882	8.474576271186442E-4	0.051694915254237285	8.474576271186442E-4	0.11949152542372882	8.474576271186442E-4	8.474576271186442E-4	8.474576271186442E-4	8.474576271186442E-4	8.474576271186442E-4	0.017796610169491526	0.017796610169491526	8.474576271186442E-4	8.474576271186442E-4
58	58	7.352941176470588E-4	0.1625	0.05955882352941176	0.26544117647058824	0.1625	7.352941176470588E-4	0.1625	7.352941176470588E-4	7.352941176470588E-4	7.352941176470588E-4	7.352941176470588E-4	7.352941176470588E-4	7.352941176470588E-4	7.352941176470588E-4	0.04485294117647059	0.10367647058823529	7.352941176470588E-4	7.352941176470588E-4	0.03014705882352941	7.352941176470588E-4
59	59	4.807692307692308E-4	0.37548076923076923	0.14471153846153847	0.058173076923076925	0.09663461538461539	0.04855769230769231	0.24086538461538462	4.807692307692308E-4	4.807692307692308E-4	4.807692307692308E-4	4.807692307692308E-4	4.807692307692308E-4	4.807692307692308E-4	4.807692307692308E-4	4.807692307692308E-4	4.807692307692308E-4	4.807692307692308E-4	0.029326923076923077	4.807692307692308E-4	4.807692307692308E-4
60	60	1.7985611510791367E-4	0.18723021582733812	0.3023381294964029	0.19802158273381293	1.7985611510791367E-4	1.7985611510791367E-4	0.19802158273381293	0.014568345323741006	0.01816546762589928	1.7985611510791367E-4	0.028956834532374104	1.7985611510791367E-4	1.7985611510791367E-4	1.7985611510791367E-4	1.7985611510791367E-4	1.7985611510791367E-4	1.7985611510791367E-4	0.014568345323741006	0.03615107913669065	1.7985611510791367E-4
61	61	9.433962264150943E-4	0.20849056603773586	9.433962264150943E-4	0.09528301886792452	0.5858490566037736	9.433962264150943E-4	9.433962264150943E-4	0.019811320754716984	9.433962264150943E-4	9.433962264150943E-4	9.433962264150943E-4	9.433962264150943E-4	9.433962264150943E-4	9.433962264150943E-4	0.019811320754716984	9.433962264150943E-4	9.433962264150943E-4	9.433962264150943E-4	9.433962264150943E-4	0.05754716981132075
62	62	0.001	0.001	0.141	0.6609999999999999	0.001	0.021	0.001	0.121	0.001	0.001	0.001	0.001	0.040999999999999995	0.001	0.001	0.001	0.001	0.001	0.001	0.001
63	63	4.901960784313725E-4	0.010294117647058823	4.901960784313725E-4	0.8730392156862745	4.901960784313725E-4	0.049509803921568625	4.901960784313725E-4	0.020098039215686272	4.901960784313725E-4	4.901960784313725E-4	0.020098039215686272	4.901960784313725E-4	4.901960784313725E-4	0.020098039215686272	4.901960784313725E-4	4.901960784313725E-4	4.901960784313725E-4	4.901960784313725E-4	4.901960784313725E-4	4.901960784313725E-4
64	64	7.142857142857143E-4	0.115	7.142857142857143E-4	0.7435714285714285	7.142857142857143E-4	7.142857142857143E-4	0.029285714285714283	7.142857142857143E-4	7.142857142857143E-4	0.043571428571428567	7.142857142857143E-4	0.029285714285714283	7.142857142857143E-4	7.142857142857143E-4	0.029285714285714283	7.142857142857143E-4	7.142857142857143E-4	7.142857142857143E-4	7.142857142857143E-4	7.142857142857143E-4
65	65	7.352941176470588E-4	7.352941176470588E-4	0.11838235294117648	0.5007352941176471	7.352941176470588E-4	7.352941176470588E-4	7.352941176470588E-4	0.03014705882352941	7.352941176470588E-4	7.352941176470588E-4	7.352941176470588E-4	7.352941176470588E-4	7.352941176470588E-4	0.11838235294117648	0.22132352941176472	7.352941176470588E-4	7.352941176470588E-4	7.352941176470588E-4	7.352941176470588E-4	7.352941176470588E-4
66	66	6.097560975609756E-4	6.097560975609756E-4	0.17134146341463416	0.6957317073170731	6.097560975609756E-4	6.097560975609756E-4	6.097560975609756E-4	0.024999999999999998	6.097560975609756E-4	0.061585365853658536	6.097560975609756E-4	6.097560975609756E-4	6.097560975609756E-4	6.097560975609756E-4	6.097560975609756E-4	6.097560975609756E-4	6.097560975609756E-4	6.097560975609756E-4	6.097560975609756E-4	0.03719512195121951
67	67	3.9370078740157485E-4	3.9370078740157485E-4	3.9370078740157485E-4	0.5909448818897638	3.9370078740157485E-4	3.9370078740157485E-4	3.9370078740157485E-4	0.08700787401574804	3.9370078740157485E-4	0.00826771653543307	3.9370078740157485E-4	3.9370078740157485E-4	3.9370078740157485E-4	0.031889763779527555	3.9370078740157485E-4	3.9370078740157485E-4	3.9370078740157485E-4	0.2759842519685039	3.9370078740157485E-4	3.9370078740157485E-4
68	68	6.024096385542169E-4	0.012650602409638554	6.024096385542169E-4	0.13313253012048193	0.2897590361445783	6.024096385542169E-4	6.024096385542169E-4	6.024096385542169E-4	0.10903614457831326	0.13313253012048193	6.024096385542169E-4	0.012650602409638554	6.024096385542169E-4	6.024096385542169E-4	6.024096385542169E-4	6.024096385542169E-4	6.024096385542169E-4	0.1210843373493976	0.1813253012048193	6.024096385542169E-4
69	69	4.8543689320388353E-4	4.8543689320388353E-4	0.08786407766990292	0.291747572815534	0.11699029126213593	0.010194174757281554	4.8543689320388353E-4	4.8543689320388353E-4	4.8543689320388353E-4	0.07815533980582524	0.019902912621359223	4.8543689320388353E-4	4.8543689320388353E-4	0.35	0.03932038834951456	4.8543689320388353E-4	4.8543689320388353E-4	4.8543689320388353E-4	4.8543689320388353E-4	4.8543689320388353E-4
70	70	6.172839506172839E-4	6.172839506172839E-4	6.172839506172839E-4	0.16111111111111112	0.5808641975308642	6.172839506172839E-4	6.172839506172839E-4	0.08703703703703704	6.172839506172839E-4	0.012962962962962964	6.172839506172839E-4	6.172839506172839E-4	6.172839506172839E-4	6.172839506172839E-4	6.172839506172839E-4	0.049999999999999996	6.172839506172839E-4	0.049999999999999996	0.049999999999999996	6.172839506172839E-4
71	71	4.716981132075472E-4	4.716981132075472E-4	4.716981132075472E-4	0.1419811320754717	0.17028301886792455	4.716981132075472E-4	0.15141509433962264	4.716981132075472E-4	0.1797169811320755	4.716981132075472E-4	0.11367924528301887	4.716981132075472E-4	4.716981132075472E-4	4.716981132075472E-4	0.1419811320754717	0.09481132075471699	4.716981132075472E-4	4.716981132075472E-4	4.716981132075472E-4	4.716981132075472E-4
72	72	7.8125E-4	7.8125E-4	7.8125E-4	7.8125E-4	0.18828125	7.8125E-4	0.18828125	7.8125E-4	7.8125E-4	0.03203125	0.03203125	7.8125E-4	7.8125E-4	7.8125E-4	0.03203125	0.17265625	7.8125E-4	7.8125E-4	0.34453125	7.8125E-4
73	73	0.003125	0.003125	0.003125	0.253125	0.003125	0.003125	0.003125	0.003125	0.003125	0.003125	0.003125	0.003125	0.003125	0.503125	0.003125	0.128125	0.003125	0.003125	0.003125	0.065625
74	74	3.703703703703704E-4	0.06703703703703705	0.09666666666666668	0.14851851851851852	0.4225925925925926	3.703703703703704E-4	3.703703703703704E-4	0.007777777777777778	0.044814814814814814	0.007777777777777778	3.703703703703704E-4	3.703703703703704E-4	3.703703703703704E-4	3.703703703703704E-4	3.703703703703704E-4	3.703703703703704E-4	3.703703703703704E-4	0.007777777777777778	0.19296296296296298	3.703703703703704E-4
75	75	0.00783582089552239	3.7313432835820896E-4	0.12723880597014925	0.23171641791044775	0.07500000000000001	3.7313432835820896E-4	3.7313432835820896E-4	3.7313432835820896E-4	0.07500000000000001	3.7313432835820896E-4	0.13470149253731345	3.7313432835820896E-4	3.7313432835820896E-4	0.11977611940298508	3.7313432835820896E-4	0.00783582089552239	3.7313432835820896E-4	0.2167910447761194	3.7313432835820896E-4	3.7313432835820896E-4
76	76	5.154639175257732E-4	5.154639175257732E-4	5.154639175257732E-4	0.12422680412371134	5.154639175257732E-4	5.154639175257732E-4	5.154639175257732E-4	5.154639175257732E-4	5.154639175257732E-4	5.154639175257732E-4	0.07268041237113401	5.154639175257732E-4	5.154639175257732E-4	5.154639175257732E-4	5.154639175257732E-4	5.154639175257732E-4	5.154639175257732E-4	5.154639175257732E-4	0.7943298969072164	5.154639175257732E-4
77	77	1.0964912280701755E-4	0.08782894736842105	0.1338815789473684	0.1338815789473684	0.10975877192982456	1.0964912280701755E-4	0.25668859649122805	0.0023026315789473686	0.04177631578947369	0.0023026315789473686	0.08563596491228069	0.017653508771929827	1.0964912280701755E-4	0.03300438596491228	0.02423245614035088	1.0964912280701755E-4	1.0964912280701755E-4	0.02642543859649123	0.04396929824561404	1.0964912280701755E-4
78	78	8.333333333333334E-4	0.1175	0.2175	0.08416666666666667	0.13416666666666668	8.333333333333334E-4	8.333333333333334E-4	8.333333333333334E-4	8.333333333333334E-4	0.05083333333333333	0.1675	8.333333333333334E-4	0.0175	8.333333333333334E-4	0.034166666666666665	8.333333333333334E-4	8.333333333333334E-4	0.05083333333333333	0.1175	8.333333333333334E-4
79	79	4.132231404958678E-4	0.2896694214876033	0.22355371900826446	4.132231404958678E-4	0.049999999999999996	4.132231404958678E-4	4.132231404958678E-4	4.132231404958678E-4	0.033471074380165285	4.132231404958678E-4	4.132231404958678E-4	4.132231404958678E-4	0.008677685950413223	4.132231404958678E-4	4.132231404958678E-4	4.132231404958678E-4	4.132231404958678E-4	0.09132231404958678	0.29793388429752066	4.132231404958678E-4
80	80	1.666666666666667E-4	0.49683333333333335	0.016833333333333332	0.0535	1.666666666666667E-4	1.666666666666667E-4	0.0135	0.043500000000000004	1.666666666666667E-4	0.026833333333333334	0.05683333333333333	0.030166666666666668	1.666666666666667E-4	0.0635	0.08683333333333333	0.016833333333333332	0.010166666666666666	1.666666666666667E-4	0.0835	1.666666666666667E-4
81	81	6.024096385542169E-4	0.21746987951807228	0.3740963855421687	0.036746987951807225	6.024096385542169E-4	6.024096385542169E-4	0.1210843373493976	6.024096385542169E-4	6.024096385542169E-4	0.08493975903614458	0.036746987951807225	6.024096385542169E-4	6.024096385542169E-4	0.04879518072289157	0.07289156626506024	6.024096385542169E-4	6.024096385542169E-4	6.024096385542169E-4	6.024096385542169E-4	6.024096385542169E-4
82	82	2.2321428571428573E-4	0.06272321428571428	0.022544642857142857	0.1296875	0.1966517857142857	0.009151785714285713	0.0046875	0.08058035714285715	0.08504464285714286	2.2321428571428573E-4	2.2321428571428573E-4	2.2321428571428573E-4	2.2321428571428573E-4	2.2321428571428573E-4	2.2321428571428573E-4	2.2321428571428573E-4	0.013616071428571427	0.0984375	0.27700892857142856	0.01808035714285714
83	83	4.201680672268908E-4	0.15168067226890758	4.201680672268908E-4	0.04243697478991597	0.25252100840336134	4.201680672268908E-4	4.201680672268908E-4	4.201680672268908E-4	4.201680672268908E-4	4.201680672268908E-4	0.059243697478991594	4.201680672268908E-4	4.201680672268908E-4	4.201680672268908E-4	4.201680672268908E-4	4.201680672268908E-4	4.201680672268908E-4	0.20210084033613446	0.27773109243697475	0.008823529411764706
84	84	0.13047945205479453	0.2263698630136986	3.4246575342465754E-4	0.027739726027397257	0.027739726027397257	3.4246575342465754E-4	0.04143835616438356	3.4246575342465754E-4	0.19897260273972603	3.4246575342465754E-4	3.4246575342465754E-4	0.014041095890410958	3.4246575342465754E-4	3.4246575342465754E-4	0.055136986301369866	0.06883561643835617	3.4246575342465754E-4	0.19212328767123288	3.4246575342465754E-4	0.014041095890410958
85	85	7.462686567164179E-4	0.23955223880597015	0.28432835820895525	0.12014925373134329	0.06044776119402985	7.462686567164179E-4	7.462686567164179E-4	7.462686567164179E-4	7.462686567164179E-4	7.462686567164179E-4	0.06044776119402985	7.462686567164179E-4	7.462686567164179E-4	0.04552238805970149	7.462686567164179E-4	7.462686567164179E-4	7.462686567164179E-4	7.462686567164179E-4	0.1798507462686567	7.462686567164179E-4
86	86	5.154639175257732E-4	5.154639175257732E-4	5.154639175257732E-4	0.12422680412371134	5.154639175257732E-4	5.154639175257732E-4	5.154639175257732E-4	5.154639175257732E-4	5.154639175257732E-4	5.154639175257732E-4	0.0829896907216495	5.154639175257732E-4	5.154639175257732E-4	5.154639175257732E-4	5.154639175257732E-4	5.154639175257732E-4	0.010824742268041237	5.154639175257732E-4	0.7737113402061855	5.154639175257732E-4
87	87	0.02508896797153025	0.2101423487544484	0.07135231316725979	1.7793594306049823E-4	0.003736654804270463	0.10338078291814946	0.19234875444839858	0.046441281138790036	0.03576512455516014	0.028647686832740216	0.003736654804270463	0.07135231316725979	1.7793594306049823E-4	1.7793594306049823E-4	0.1282918149466192	0.07846975088967972	1.7793594306049823E-4	1.7793594306049823E-4	1.7793594306049823E-4	1.7793594306049823E-4
88	88	0.02879656160458453	0.35544412607449855	0.10616045845272205	1.4326647564469916E-4	0.014469914040114613	0.04885386819484241	0.16346704871060172	1.4326647564469916E-4	0.008739255014326647	0.04025787965616046	1.4326647564469916E-4	0.045988538681948424	0.03739255014326648	1.4326647564469916E-4	0.04312320916905445	1.4326647564469916E-4	1.4326647564469916E-4	0.054584527220630376	0.05171919770773639	1.4326647564469916E-4
89	89	0.0010638297872340426	0.0010638297872340426	0.0010638297872340426	0.0010638297872340426	0.06489361702127659	0.0010638297872340426	0.0010638297872340426	0.6393617021276596	0.0010638297872340426	0.0010638297872340426	0.0010638297872340426	0.0010638297872340426	0.0010638297872340426	0.15	0.0010638297872340426	0.12872340425531914	0.0010638297872340426	0.0010638297872340426	0.0010638297872340426	0.0010638297872340426
90	90	0.117578125	3.90625E-4	3.90625E-4	0.039453125	0.008203125	0.180078125	0.016015625	3.90625E-4	0.281640625	3.90625E-4	0.016015625	3.90625E-4	0.008203125	3.90625E-4	3.90625E-4	0.164453125	3.90625E-4	0.062890625	0.101953125	3.90625E-4
91	91	3.1847133757961787E-4	3.1847133757961787E-4	3.1847133757961787E-4	3.1847133757961787E-4	0.2678343949044586	0.2359872611464968	3.1847133757961787E-4	0.2550955414012739	0.1213375796178344	3.1847133757961787E-4	3.1847133757961787E-4	3.1847133757961787E-4	3.1847133757961787E-4	3.1847133757961787E-4	3.1847133757961787E-4	0.05764331210191083	3.1847133757961787E-4	0.006687898089171975	0.051273885350318474	3.1847133757961787E-4
92	92	0.01810344827586207	0.03534482758620689	8.620689655172415E-4	8.620689655172415E-4	0.39741379310344827	0.1560344827586207	8.620689655172415E-4	8.620689655172415E-4	0.17327586206896553	8.620689655172415E-4	8.620689655172415E-4	8.620689655172415E-4	8.620689655172415E-4	0.08706896551724137	8.620689655172415E-4	8.620689655172415E-4	8.620689655172415E-4	0.12155172413793103	8.620689655172415E-4	8.620689655172415E-4
93	93	0.10107913669064748	3.5971223021582735E-4	3.5971223021582735E-4	3.5971223021582735E-4	3.5971223021582735E-4	0.3169064748201439	3.5971223021582735E-4	3.5971223021582735E-4	0.10107913669064748	3.5971223021582735E-4	3.5971223021582735E-4	3.5971223021582735E-4	3.5971223021582735E-4	3.5971223021582735E-4	3.5971223021582735E-4	0.23776978417266184	3.5971223021582735E-4	0.23776978417266184	3.5971223021582735E-4	3.5971223021582735E-4
94	94	6.172839506172839E-4	6.172839506172839E-4	6.172839506172839E-4	6.172839506172839E-4	0.18580246913580248	0.27222222222222225	6.172839506172839E-4	0.08703703703703704	6.172839506172839E-4	0.03765432098765432	6.172839506172839E-4	6.172839506172839E-4	6.172839506172839E-4	6.172839506172839E-4	6.172839506172839E-4	0.12407407407407409	6.172839506172839E-4	0.28456790123456793	6.172839506172839E-4	6.172839506172839E-4
95	95	0.21746987951807228	6.024096385542169E-4	6.024096385542169E-4	6.024096385542169E-4	0.19337349397590362	0.0608433734939759	6.024096385542169E-4	0.0608433734939759	6.024096385542169E-4	6.024096385542169E-4	6.024096385542169E-4	6.024096385542169E-4	6.024096385542169E-4	6.024096385542169E-4	0.04879518072289157	0.14518072289156628	6.024096385542169E-4	0.2656626506024096	6.024096385542169E-4	6.024096385542169E-4
96	96	9.433962264150943E-4	0.18962264150943398	0.05754716981132075	9.433962264150943E-4	0.019811320754716984	0.11415094339622642	0.20849056603773586	9.433962264150943E-4	0.038679245283018866	0.18962264150943398	9.433962264150943E-4	9.433962264150943E-4	9.433962264150943E-4	9.433962264150943E-4	0.07641509433962264	9.433962264150943E-4	9.433962264150943E-4	9.433962264150943E-4	0.09528301886792452	9.433962264150943E-4
97	97	3.246753246753247E-4	3.246753246753247E-4	0.07175324675324676	0.07824675324675325	0.07175324675324676	3.246753246753247E-4	0.16266233766233767	3.246753246753247E-4	3.246753246753247E-4	0.6042207792207792	3.246753246753247E-4	3.246753246753247E-4	3.246753246753247E-4	3.246753246753247E-4	3.246753246753247E-4	3.246753246753247E-4	3.246753246753247E-4	3.246753246753247E-4	3.246753246753247E-4	0.006818181818181819
